7
5
4
12
10
6
2
4
3
5
2
12
2
2
5
3
14
11
8
13
13
6
14
17
13
5
20
6
8
5
11
2
15
2
2
3
4
2
4
14
2
2
3
4
3
14
9
7
2
2
2
2
3
4
11
12
10
12
10
36
4
15
8
3
15
4
25
2
3
18
14
9
7
9
6
3
4
6
2
23
2
12
3
9
9
20
8
8
10
14
7
5
2
5
25
8
3
4
3
7
20
7
3
5
5
11
5
6
13
6
3
9
7
4
7
2
7
4
11
2
7
3
11
6
6
9
10
3
2
3
4
3
2
5
4
2
8
4
2
11
2
7
10
15
14
4
4
9
3
11
4
14
10
2
3
5
3
2
9
6
6
13
2
11
5
4
17
9
11
5
3
10
26
7
7
5
22
11
8
3
6
17
5
20
11
7
2
8
17
2
10
3
2
8
2
10
9
5
3
13
3
9
14
6
2
2
10
13
6
6
2
6
20
8
3
7
9
5
3
6
18
9
11
6
9
3
4
4
7
9
3
2
5
5
2
4
5
2
7
12
21
8
2
2
3
2
5
2
15
10
3
7
8
14
6
12
7
7
15
4
3
11
10
9
5
2
6
3
9
12
3
2
7
2
4
14
4
3
12
8
2
5
7
6
10
6
13
10
2
2
6
4
4
6
6
4
3
2
18
8
